X  CH2  CH3  Start  Increment    
Sequence  Volt  Volt  -1.200000e-03  2.000000e-06    
0  1.68  0.0164  -0.0012  0  
1  1.72  0.016  -0.0011979999999999998  0  
2  1.72  0.016  -0.0011959999999999998  0  
3  1.64  0.0164  -0.001194  0  
4  1.68  0.0156  -0.001192  0  
5  1.72  0.0164  -0.0011899999999999999  0  
6  1.64  0.016  -0.0011879999999999998  0  
7  1.72  0.0156  -0.001186  0  
8  1.72  0.016  -0.001184  0  
9  1.64  0.0156  -0.0011819999999999999  0  
10  1.68  0.016  -0.0011799999999999998  0  
11  1.68  0.0156  -0.0011779999999999998  0  
12  1.68  0.0156  -0.001176  0  
13  1.64  0.0164  -0.001174  0  
14  1.68  0.0156  -0.0011719999999999999  0  
15  1.6  0.0156  -0.0011699999999999998  0  
16  1.68  0.0156  -0.001168  0  
17  1.6  0.0152  -0.001166  0  
18  1.68  0.0156  -0.0011639999999999999  0  
19  1.6  0.0148  -0.0011619999999999998  0  
20  1.64  0.0152  -0.00116  0  
21  1.68  0.0152  -0.001158  0  
22  1.64  0.0152  -0.001156  0  
23  1.6  0.0148  -0.0011539999999999999  0  
24  1.64  0.0148  -0.0011519999999999998  0  
25  1.6  0.0144  -0.00115  0  
26  1.56  0.0148  -0.001148  0  
27  1.64  0.014  -0.0011459999999999999  0  
28  1.56  0.0144  -0.0011439999999999998  0  
29  1.64  0.014  -0.0011419999999999998  0  
30  1.64  0.0144  -0.00114  0  
31  1.56  0.0136  -0.001138  0  
32  1.6  0.014  -0.0011359999999999999  0  
33  1.52  0.0132  -0.0011339999999999998  0  
34  1.6  0.014  -0.001132  0  
35  1.52  0.0132  -0.00113  0  
36  1.52  0.0136  -0.0011279999999999999  0  
37  1.6  0.0128  -0.0011259999999999998  0  
38  1.56  0.0132  -0.001124  0  
39  1.48  0.0128  -0.001122  0  
40  1.56  0.0132  -0.00112  0  
41  1.48  0.012  -0.0011179999999999999  0  
42  1.48  0.0128  -0.0011159999999999998  0  
43  1.56  0.012  -0.001114  0  
44  1.52  0.0124  -0.001112  0  
45  1.44  0.0116  -0.0011099999999999999  0  
46  1.52  0.012  -0.0011079999999999998  0  
47  1.44  0.0112  -0.001106  0  
48  1.48  0.0116  -0.001104  0  
49  1.4  0.0108  -0.001102  0  
50  1.4  0.0112  -0.0010999999999999998  0  
51  1.48  0.0104  -0.0010979999999999998  0  
52  1.44  0.0108  -0.001096  0  
53  1.36  0.01  -0.001094  0  
54  1.36  0.0104  -0.0010919999999999999  0  
55  1.44  0.0096  -0.0010899999999999998  0  
56  1.4  0.01  -0.001088  0  
57  1.32  0.0092  -0.001086  0  
58  1.32  0.01  -0.001084  0  
59  1.4  0.0088  -0.0010819999999999998  0  
60  1.36  0.0092  -0.0010799999999999998  0  
61  1.28  0.0088  -0.001078  0  
62  1.28  0.0092  -0.001076  0  
63  1.36  0.008  -0.0010739999999999999  0  
64  1.32  0.0084  -0.0010719999999999998  0  
65  1.24  0.0076  -0.00107  0  
66  1.24  0.008  -0.001068  0  
67  1.32  0.0072  -0.0010659999999999999  0  
68  1.28  0.0076  -0.0010639999999999998  0  
69  1.2  0.0068  -0.001062  0  
70  1.2  0.0072  -0.00106  0  
71  1.28  0.0064  -0.001058  0  
72  1.24  0.0068  -0.0010559999999999999  0  
73  1.16  0.0056  -0.0010539999999999998  0  
74  1.16  0.0064  -0.001052  0  
75  1.2  0.0052  -0.00105  0  
76  1.2  0.006  -0.0010479999999999999  0  
77  1.12  0.0048  -0.0010459999999999998  0  
78  1.16  0.0052  -0.0010439999999999998  0  
79  1.08  0.0044  -0.001042  0  
80  1.08  0.0048  -0.00104  0  
81  1.16  0.0036  -0.0010379999999999999  0  
82  1.04  0.004  -0.0010359999999999998  0  
83  1.12  0.0032  -0.001034  0  
84  1.08  0.0036  -0.001032  0  
85  1.0  0.0028  -0.0010299999999999999  0  
86  1.0  0.0032  -0.0010279999999999998  0  
87  1.04  0.0024  -0.001026  0  
88  0.96  0.0028  -0.001024  0  
89  1.04  0.0016  -0.001022  0  
90  1.0  0.002  -0.0010199999999999999  0  
91  0.92  0.0012  -0.0010179999999999998  0  
92  0.92  0.0016  -0.001016  0  
93  1.0  0.0004  -0.001014  0  
94  0.88  0.0012  -0.0010119999999999999  0  
95  0.96  0.0  -0.0010099999999999998  0  
96  0.92  0.0004  -0.0010079999999999998  0  
97  0.84  -0.0004  -0.001006  0  
98  0.84  0.0  -0.001004  0  
99  0.88  -0.0012  -0.0010019999999999999  0  
100  0.8  -0.0012  -0.001  0  
101  0.88  -0.0016  -0.000998  0  
102  0.8  -0.0016  -0.000996  0  
103  0.76  -0.0028  -0.0009939999999999999  0  
104  0.76  -0.002  -0.0009919999999999998  0  
105  0.68  -0.0028  -0.00099  0  
106  0.72  -0.0028  -0.000988  0  
107  0.68  -0.004  -0.000986  0  
108  0.72  -0.004  -0.0009839999999999998  0  
109  0.64  -0.0032  -0.0009819999999999998  0  
110  0.68  -0.004  -0.00098  0  
111  0.6  -0.0048  -0.000978  0  
112  0.64  -0.0044  -0.0009759999999999999  0  
113  0.6  -0.0056  -0.0009739999999999999  0  
114  0.56  -0.0052  -0.0009719999999999999  0  
115  0.6  -0.0064  -0.0009699999999999999  0  
116  0.6  -0.0048  -0.0009679999999999999  0  
117  0.52  -0.0068  -0.0009659999999999998  0  
118  0.56  -0.0064  -0.0009639999999999999  0  
119  0.48  -0.0072  -0.000962  0  
120  0.52  -0.0068  -0.0009599999999999999  0  
121  0.44  -0.008  -0.0009579999999999999  0  
122  0.44  -0.0076  -0.0009559999999999999  0  
123  0.48  -0.0084  -0.000954  0  
124  0.48  -0.008  -0.0009519999999999999  0  
125  0.4  -0.0092  -0.0009499999999999999  0  
126  0.44  -0.0084  -0.0009479999999999998  0  
127  0.36  -0.0096  -0.0009459999999999999  0  
128  0.4  -0.0092  -0.000944  0  
129  0.32  -0.0104  -0.0009419999999999999  0  
130  0.32  -0.0096  -0.0009399999999999999  0  
131  0.36  -0.0108  -0.0009379999999999999  0  
132  0.36  -0.0104  -0.000936  0  
133  0.28  -0.0116  -0.0009339999999999999  0  
134  0.32  -0.0108  -0.0009319999999999999  0  
135  0.24  -0.012  -0.0009299999999999998  0  
136  0.28  -0.0112  -0.0009279999999999999  0  
137  0.2  -0.0124  -0.000926  0  
138  0.2  -0.012  -0.0009239999999999999  0  
139  0.24  -0.0132  -0.0009219999999999999  0  
140  0.24  -0.0128  -0.0009199999999999999  0  
141  0.16  -0.0136  -0.000918  0  
142  0.2  -0.0132  -0.0009159999999999999  0  
143  0.12  -0.014  -0.0009139999999999999  0  
144  0.12  -0.0136  -0.0009119999999999998  0  
145  0.16  -0.0144  -0.0009099999999999999  0  
146  0.12  -0.014  -0.000908  0  
147  0.08  -0.0148  -0.0009059999999999999  0  
148  0.12  -0.0144  -0.0009039999999999999  0  
149  0.04  -0.0156  -0.0009019999999999999  0  
150  0.08  -0.0148  -0.0009  0  
151  0.04  -0.016  -0.0008979999999999999  0  
152  0.04  -0.0152  -0.0008959999999999999  0  
153  0.0  -0.0164  -0.0008939999999999998  0  
154  0.04  -0.0164  -0.0008919999999999999  0  
155  -0.04  -0.0156  -0.00089  0  
156  -0.04  -0.0168  -0.0008879999999999999  0  
157  -0.08  -0.016  -0.0008859999999999999  0  
158  -0.08  -0.0168  -0.0008839999999999999  0  
159  -0.04  -0.0172  -0.000882  0  
160  -0.08  -0.0168  -0.0008799999999999999  0  
161  -0.12  -0.0176  -0.0008779999999999999  0  
162  -0.08  -0.0172  -0.0008759999999999999  0  
163  -0.16  -0.0176  -0.0008739999999999999  0  
164  -0.16  -0.0172  -0.0008719999999999999  0  
165  -0.12  -0.018  -0.0008699999999999999  0  
166  -0.16  -0.0176  -0.0008679999999999998  0  
167  -0.2  -0.018  -0.0008659999999999999  0  
168  -0.2  -0.0176  -0.000864  0  
169  -0.28  -0.018  -0.0008619999999999999  0  
170  -0.24  -0.0172  -0.0008599999999999999  0  
171  -0.28  -0.018  -0.0008579999999999999  0  
172  -0.24  -0.0176  -0.000856  0  
173  -0.32  -0.0172  -0.0008539999999999999  0  
174  -0.28  -0.0172  -0.0008519999999999999  0  
175  -0.32  -0.0164  -0.0008499999999999998  0  
176  -0.28  -0.0168  -0.0008479999999999999  0  
177  -0.36  -0.016  -0.000846  0  
178  -0.32  -0.016  -0.0008439999999999999  0  
179  -0.4  -0.0152  -0.0008419999999999999  0  
180  -0.4  -0.0152  -0.0008399999999999999  0  
181  -0.36  -0.014  -0.000838  0  
182  -0.36  -0.0144  -0.0008359999999999999  0  
183  -0.44  -0.0132  -0.0008339999999999999  0  
184  -0.44  -0.0136  -0.0008319999999999998  0  
185  -0.4  -0.012  -0.0008299999999999999  0  
186  -0.4  -0.0124  -0.000828  0  
187  -0.48  -0.0108  -0.0008259999999999999  0  
188  -0.48  -0.0112  -0.0008239999999999999  0  
189  -0.44  -0.01  -0.0008219999999999999  0  
190  -0.44  -0.0104  -0.00082  0  
191  -0.52  -0.0092  -0.0008179999999999999  0  
192  -0.52  -0.0096  -0.0008159999999999999  0  
193  -0.48  -0.0084  -0.0008139999999999998  0  
194  -0.52  -0.0088  -0.0008119999999999999  0  
195  -0.56  -0.0076  -0.00081  0  
196  -0.52  -0.008  -0.0008079999999999999  0  
197  -0.56  -0.0068  -0.0008059999999999999  0  
198  -0.52  -0.0076  -0.0008039999999999999  0  
199  -0.6  -0.0064  -0.000802  0  
200  -0.6  -0.0068  -0.0007999999999999999  0  
201  -0.52  -0.006  -0.0007979999999999999  0  
202  -0.56  -0.0064  -0.0007959999999999998  0  
203  -0.64  -0.0052  -0.0007939999999999999  0  
204  -0.64  -0.006  -0.000792  0  
205  -0.56  -0.0048  -0.0007899999999999999  0  
206  -0.6  -0.0052  -0.0007879999999999999  0  
207  -0.64  -0.0044  -0.0007859999999999999  0  
208  -0.6  -0.0044  -0.000784  0  
209  -0.68  -0.0048  -0.0007819999999999999  0  
210  -0.68  -0.0044  -0.0007799999999999999  0  
211  -0.6  -0.0036  -0.0007779999999999999  0  
212  -0.64  -0.004  -0.0007759999999999999  0  
213  -0.72  -0.0032  -0.000774  0  
214  -0.72  -0.0032  -0.0007719999999999999  0  
215  -0.64  -0.0036  -0.0007699999999999999  0  
216  -0.72  -0.0028  -0.0007679999999999999  0  
217  -0.64  -0.0036  -0.000766  0  
218  -0.72  -0.0024  -0.0007639999999999999  0  
219  -0.68  -0.0032  -0.0007619999999999999  0  
220  -0.68  -0.0024  -0.0007599999999999999  0  
221  -0.76  -0.0028  -0.000758  0  
222  -0.76  -0.0028  -0.0007559999999999999  0  
223  -0.68  -0.002  -0.0007539999999999999  0  
224  -0.72  -0.0024  -0.0007519999999999998  0  
225  -0.76  -0.0016  -0.0007499999999999999  0  
226  -0.72  -0.0016  -0.000748  0  
227  -0.76  -0.002  -0.0007459999999999999  0  
228  -0.72  -0.002  -0.0007439999999999999  0  
229  -0.8  -0.0012  -0.0007419999999999999  0  
230  -0.8  -0.0016  -0.00074  0  
231  -0.72  -0.0012  -0.0007379999999999999  0  
232  -0.8  -0.0012  -0.0007359999999999999  0  
233  -0.72  -0.0016  -0.0007339999999999998  0  
234  -0.8  -0.0012  -0.0007319999999999999  0  
235  -0.76  -0.0008  -0.00073  0  
236  -0.8  -0.0012  -0.0007279999999999999  0  
237  -0.76  -0.0008  -0.0007259999999999999  0  
238  -0.8  -0.0012  -0.0007239999999999999  0  
239  -0.76  -0.0004  -0.000722  0  
240  -0.8  -0.0008  -0.0007199999999999999  0  
241  -0.76  -0.0012  -0.0007179999999999999  0  
242  -0.8  -0.0008  -0.0007159999999999998  0  
243  -0.76  -0.0008  -0.0007139999999999999  0  
244  -0.8  -0.0008  -0.000712  0  
245  -0.76  -0.0008  -0.0007099999999999999  0  
246  -0.8  -0.0008  -0.000708  0  
247  -0.76  -0.0004  -0.0007059999999999999  0  
248  -0.76  -0.0008  -0.0007039999999999999  0  
249  -0.84  0.0  -0.0007019999999999999  0  
250  -0.84  -0.0008  -0.0006999999999999999  0  
251  -0.76  -0.0004  -0.0006979999999999999  0  
252  -0.76  -0.0008  -0.0006959999999999999  0  
253  -0.84  -0.0004  -0.000694  0  
254  -0.8  -0.0008  -0.0006919999999999999  0  
255  -0.76  -0.0008  -0.00069  0  
256  -0.84  -0.0012  -0.0006879999999999999  0  
257  -0.76  -0.0004  -0.0006859999999999999  0  
258  -0.76  -0.0004  -0.0006839999999999999  0  
259  -0.8  -0.0012  -0.0006819999999999999  0  
260  -0.76  -0.0008  -0.0006799999999999999  0  
261  -0.8  -0.0012  -0.0006779999999999999  0  
262  -0.76  -0.0008  -0.000676  0  
263  -0.8  -0.0012  -0.0006739999999999999  0  
264  -0.8  -0.0012  -0.000672  0  
265  -0.72  -0.0016  -0.0006699999999999999  0  
266  -0.72  -0.0012  -0.0006679999999999999  0  
267  -0.8  -0.0016  -0.0006659999999999999  0  
268  -0.8  -0.002  -0.0006639999999999999  0  
269  -0.72  -0.0012  -0.0006619999999999999  0  
270  -0.72  -0.0016  -0.0006599999999999999  0  
271  -0.76  -0.002  -0.000658  0  
272  -0.72  -0.0016  -0.0006559999999999999  0  
273  -0.76  -0.002  -0.000654  0  
274  -0.76  -0.002  -0.0006519999999999999  0  
275  -0.68  -0.0024  -0.00065  0  
276  -0.76  -0.002  -0.0006479999999999999  0  
277  -0.68  -0.0024  -0.0006459999999999999  0  
278  -0.76  -0.002  -0.0006439999999999999  0  
279  -0.68  -0.0028  -0.0006419999999999999  0  
280  -0.72  -0.0024  -0.0006399999999999999  0  
281  -0.68  -0.0032  -0.0006379999999999999  0  
282  -0.72  -0.0028  -0.000636  0  
283  -0.64  -0.0032  -0.0006339999999999999  0  
284  -0.72  -0.0028  -0.000632  0  
285  -0.64  -0.0036  -0.0006299999999999999  0  
286  -0.68  -0.0032  -0.0006279999999999999  0  
287  -0.64  -0.0036  -0.0006259999999999999  0  
288  -0.68  -0.0032  -0.0006239999999999999  0  
289  -0.6  -0.004  -0.0006219999999999999  0  
290  -0.68  -0.0036  -0.0006199999999999999  0  
291  -0.6  -0.0044  -0.000618  0  
292  -0.64  -0.004  -0.0006159999999999999  0  
293  -0.6  -0.0048  -0.000614  0  
294  -0.64  -0.0044  -0.0006119999999999999  0  
295  -0.56  -0.0052  -0.00061  0  
296  -0.64  -0.0048  -0.0006079999999999999  0  
297  -0.56  -0.0056  -0.0006059999999999999  0  
298  -0.6  -0.0048  -0.0006039999999999999  0  
299  -0.52  -0.006  -0.0006019999999999999  0  
300  -0.52  -0.0052  -0.0006  0  
301  -0.6  -0.006  -0.0005979999999999999  0  
302  -0.56  -0.0056  -0.000596  0  
303  -0.48  -0.0064  -0.0005939999999999999  0  
304  -0.56  -0.006  -0.000592  0  
305  -0.48  -0.0068  -0.0005899999999999999  0  
306  -0.48  -0.0064  -0.0005879999999999999  0  
307  -0.52  -0.0072  -0.0005859999999999999  0  
308  -0.52  -0.0068  -0.0005839999999999999  0  
309  -0.44  -0.0076  -0.0005819999999999999  0  
310  -0.44  -0.0072  -0.0005799999999999999  0  
311  -0.48  -0.008  -0.000578  0  
312  -0.48  -0.0076  -0.0005759999999999999  0  
313  -0.4  -0.0084  -0.000574  0  
314  -0.44  -0.008  -0.0005719999999999999  0  
315  -0.4  -0.0088  -0.00057  0  
316  -0.44  -0.0084  -0.0005679999999999999  0  
317  -0.36  -0.0092  -0.0005659999999999999  0  
318  -0.36  -0.0088  -0.0005639999999999999  0  
319  -0.4  -0.0096  -0.0005619999999999999  0  
320  -0.4  -0.01  -0.00056  0  
321  -0.32  -0.0092  -0.0005579999999999999  0  
322  -0.36  -0.0096  -0.000556  0  
323  -0.28  -0.0108  -0.0005539999999999999  0  
324  -0.28  -0.01  -0.000552  0  
325  -0.32  -0.0112  -0.0005499999999999999  0  
326  -0.32  -0.0104  -0.0005479999999999999  0  
327  -0.24  -0.0116  -0.0005459999999999999  0  
328  -0.24  -0.0112  -0.0005439999999999999  0  
329  -0.28  -0.012  -0.000542  0  
330  -0.2  -0.0116  -0.0005399999999999999  0  
331  -0.28  -0.0124  -0.000538  0  
332  -0.2  -0.012  -0.0005359999999999999  0  
333  -0.16  -0.0128  -0.000534  0  
334  -0.16  -0.0124  -0.0005319999999999999  0  
335  -0.12  -0.0132  -0.0005299999999999999  0  
336  -0.16  -0.0128  -0.0005279999999999999  0  
337  -0.08  -0.014  -0.0005259999999999999  0  
338  -0.12  -0.0132  -0.0005239999999999999  0  
339  -0.08  -0.0144  -0.0005219999999999999  0  
340  -0.08  -0.0136  -0.00052  0  
341  -0.04  -0.0148  -0.0005179999999999999  0  
342  -0.08  -0.0144  -0.000516  0  
343  0.0  -0.0152  -0.0005139999999999999  0  
344  -0.04  -0.0148  -0.000512  0  
345  0.04  -0.0156  -0.0005099999999999999  0  
346  0.04  -0.0148  -0.0005079999999999999  0  
347  0.0  -0.016  -0.0005059999999999999  0  
348  0.0  -0.0152  -0.0005039999999999999  0  
349  0.08  -0.016  -0.000502  0  
350  0.04  -0.0164  -0.0004999999999999999  0  
351  0.12  -0.0156  -0.000498  0  
352  0.12  -0.016  -0.0004959999999999999  0  
353  0.08  -0.0168  -0.000494  0  
354  0.16  -0.0164  -0.0004919999999999999  0  
355  0.12  -0.0168  -0.0004899999999999999  0  
356  0.12  -0.0164  -0.00048799999999999994  0  
357  0.2  -0.0172  -0.0004859999999999999  0  
358  0.16  -0.0172  -0.00048399999999999995  0  
359  0.24  -0.0164  -0.0004819999999999999  0  
360  0.2  -0.0168  -0.00047999999999999996  0  
361  0.28  -0.0164  -0.0004779999999999999  0  
362  0.2  -0.0168  -0.00047599999999999997  0  
363  0.28  -0.016  -0.0004739999999999999  0  
364  0.24  -0.0164  -0.000472  0  
365  0.32  -0.0156  -0.00046999999999999993  0  
366  0.28  -0.0168  -0.0004679999999999999  0  
367  0.36  -0.0152  -0.00046599999999999994  0  
368  0.36  -0.0156  -0.0004639999999999999  0  
369  0.32  -0.0144  -0.00046199999999999995  0  
370  0.32  -0.0144  -0.0004599999999999999  0  
371  0.4  -0.0132  -0.00045799999999999997  0  
372  0.44  -0.0136  -0.0004559999999999999  0  
373  0.36  -0.012  -0.000454  0  
374  0.4  -0.0124  -0.00045199999999999993  0  
375  0.48  -0.0108  -0.0004499999999999999  0  
376  0.44  -0.0112  -0.00044799999999999994  0  
377  0.52  -0.01  -0.0004459999999999999  0  
378  0.44  -0.01  -0.00044399999999999995  0  
379  0.52  -0.0088  -0.0004419999999999999  0  
380  0.48  -0.0088  -0.00043999999999999996  0  
381  0.56  -0.0076  -0.0004379999999999999  0  
382  0.52  -0.008  -0.00043599999999999997  0  
383  0.6  -0.0068  -0.0004339999999999999  0  
384  0.56  -0.0072  -0.0004319999999999999  0  
385  0.64  -0.0056  -0.00042999999999999994  0  
386  0.64  -0.006  -0.0004279999999999999  0  
387  0.6  -0.0048  -0.00042599999999999995  0  
388  0.6  -0.0056  -0.0004239999999999999  0  
389  0.68  -0.0044  -0.00042199999999999996  0  
390  0.64  -0.0044  -0.0004199999999999999  0  
391  0.72  -0.0036  -0.00041799999999999997  0  
392  0.72  -0.0036  -0.0004159999999999999  0  
393  0.72  -0.0028  -0.000414  0  
394  0.72  -0.0032  -0.00041199999999999993  0  
395  0.76  -0.002  -0.0004099999999999999  0  
396  0.76  -0.0028  -0.00040799999999999994  0  
397  0.8  -0.0016  -0.0004059999999999999  0  
398  0.8  -0.002  -0.00040399999999999995  0  
399  0.88  -0.0008  -0.0004019999999999999  0  
400  0.84  -0.0012  -0.00039999999999999996  0  
401  0.92  0.0  -0.0003979999999999999  0  
402  0.84  -0.0004  -0.000396  0  
403  0.92  0.0008  -0.00039399999999999993  0  
404  0.88  0.0  -0.0003919999999999999  0  
405  0.96  0.0008  -0.00038999999999999994  0  
406  0.92  0.0008  -0.0003879999999999999  0  
407  1.0  0.002  -0.00038599999999999995  0  
408  0.92  0.002  -0.0003839999999999999  0  
409  1.0  0.0012  -0.00038199999999999996  0  
410  0.96  0.002  -0.0003799999999999999  0  
411  1.04  0.0028  -0.00037799999999999997  0  
412  1.0  0.0024  -0.0003759999999999999  0  
413  1.08  0.0036  -0.000374  0  
414  1.0  0.0032  -0.00037199999999999993  0  
415  1.08  0.004  -0.0003699999999999999  0  
416  1.04  0.0036  -0.00036799999999999995  0  
417  1.12  0.0044  -0.0003659999999999999  0  
418  1.08  0.004  -0.00036399999999999996  0  
419  1.16  0.0052  -0.0003619999999999999  0  
420  1.08  0.0044  -0.00035999999999999997  0  
421  1.16  0.0056  -0.0003579999999999999  0  
422  1.12  0.0052  -0.000356  0  
423  1.2  0.006  -0.00035399999999999993  0  
424  1.16  0.0056  -0.0003519999999999999  0  
425  1.24  0.0064  -0.00034999999999999994  0  
426  1.16  0.006  -0.0003479999999999999  0  
427  1.24  0.0068  -0.00034599999999999995  0  
428  1.2  0.0064  -0.0003439999999999999  0  
429  1.28  0.0072  -0.00034199999999999996  0  
430  1.28  0.0068  -0.0003399999999999999  0  
431  1.2  0.0076  -0.000338  0  
432  1.24  0.0076  -0.00033599999999999993  0  
433  1.32  0.0084  -0.000334  0  
434  1.24  0.0076  -0.00033199999999999994  0  
435  1.36  0.0088  -0.0003299999999999999  0  
436  1.28  0.0084  -0.00032799999999999995  0  
437  1.36  0.0092  -0.0003259999999999999  0  
438  1.32  0.0088  -0.00032399999999999996  0  
439  1.4  0.0096  -0.0003219999999999999  0  
440  1.32  0.0092  -0.00031999999999999997  0  
441  1.4  0.01  -0.0003179999999999999  0  
442  1.32  0.0092  -0.000316  0  
443  1.44  0.0104  -0.00031399999999999993  0  
444  1.36  0.0096  -0.0003119999999999999  0  
445  1.44  0.0104  -0.00030999999999999995  0  
446  1.44  0.01  -0.0003079999999999999  0  
447  1.36  0.0108  -0.00030599999999999996  0  
448  1.4  0.0104  -0.0003039999999999999  0  
449  1.48  0.0112  -0.00030199999999999997  0  
450  1.48  0.0108  -0.0002999999999999999  0  
451  1.4  0.0116  -0.000298  0  
452  1.44  0.0108  -0.00029599999999999993  0  
453  1.52  0.012  -0.0002939999999999999  0  
454  1.52  0.012  -0.00029199999999999994  0  
455  1.44  0.0112  -0.0002899999999999999  0  
456  1.56  0.0124  -0.00028799999999999995  0  
457  1.48  0.0116  -0.0002859999999999999  0  
458  1.56  0.012  -0.00028399999999999996  0  
459  1.48  0.0128  -0.0002819999999999999  0  
460  1.52  0.0124  -0.00028  0  
461  1.56  0.0132  -0.0002779999999999999  0  
462  1.6  0.0132  -0.000276  0  
463  1.52  0.0124  -0.00027399999999999994  0  
464  1.6  0.0136  -0.0002719999999999999  0  
465  1.52  0.0128  -0.00026999999999999995  0  
466  1.6  0.0136  -0.0002679999999999999  0  
467  1.52  0.0128  -0.00026599999999999996  0  
468  1.56  0.0128  -0.0002639999999999999  0  
469  1.64  0.014  -0.00026199999999999997  0  
470  1.64  0.014  -0.0002599999999999999  0  
471  1.56  0.0132  -0.000258  0  
472  1.56  0.014  -0.00025599999999999993  0  
473  1.64  0.0136  -0.0002539999999999999  0  
474  1.56  0.0136  -0.00025199999999999995  0  
475  1.64  0.0144  -0.0002499999999999999  0  
476  1.6  0.0144  -0.00024799999999999996  0  
477  1.68  0.014  -0.0002459999999999999  0  
478  1.68  0.014  -0.00024399999999999997  0  
479  1.6  0.0148  -0.00024199999999999992  0  
480  1.68  0.0148  -0.00023999999999999998  0  
481  1.6  0.014  -0.00023799999999999993  0  
482  1.68  0.0148  -0.000236  0  
483  1.6  0.0144  -0.00023399999999999994  0  
484  1.68  0.0144  -0.0002319999999999999  0  
485  1.6  0.0152  -0.00022999999999999995  0  
486  1.68  0.0144  -0.0002279999999999999  0  
487  1.64  0.0152  -0.00022599999999999996  0  
488  1.68  0.0152  -0.00022399999999999992  0  
489  1.64  0.0144  -0.00022199999999999998  0  
490  1.68  0.0152  -0.00021999999999999993  0  
491  1.68  0.0148  -0.00021799999999999988  0  
492  1.64  0.0148  -0.00021600000000000005  0  
493  1.72  0.0152  -0.000214  0  
494  1.68  0.0152  -0.00021199999999999995  0  
495  1.72  0.0148  -0.0002099999999999999  0  
496  1.68  0.0148  -0.00020799999999999985  0  
497  1.72  0.0152  -0.00020600000000000002  0  
498  1.68  0.0152  -0.00020399999999999997  0  
499  1.72  0.0148  -0.00020199999999999992  0  
500  1.68  0.0152  -0.00019999999999999987  0  
501  1.72  0.0144  -0.00019800000000000004  0  
502  1.72  0.0152  -0.000196  0  
503  1.64  0.0148  -0.00019399999999999995  0  
504  1.68  0.0152  -0.0001919999999999999  0  
505  1.68  0.0144  -0.00018999999999999985  0  
506  1.68  0.0148  -0.00018800000000000002  0  
507  1.64  0.0152  -0.00018599999999999997  0  
508  1.68  0.0152  -0.00018399999999999992  0  
509  1.68  0.0144  -0.00018199999999999987  0  
510  1.68  0.0148  -0.00018000000000000004  0  
511  1.64  0.0144  -0.000178  0  
512  1.68  0.0148  -0.00017599999999999994  0  
513  1.68  0.014  -0.0001739999999999999  0  
514  1.68  0.0144  -0.00017199999999999984  0  
515  1.6  0.0148  -0.00017  0  
516  1.64  0.0148  -0.00016799999999999996  0  
517  1.6  0.0136  -0.00016599999999999991  0  
518  1.64  0.0144  -0.00016399999999999987  0  
519  1.6  0.0136  -0.00016200000000000003  0  
520  1.6  0.0144  -0.00015999999999999999  0  
521  1.64  0.0136  -0.00015799999999999994  0  
522  1.64  0.014  -0.0001559999999999999  0  
523  1.6  0.0132  -0.00015399999999999984  0  
524  1.64  0.014  -0.000152  0  
525  1.56  0.0132  -0.00014999999999999996  0  
526  1.6  0.0136  -0.0001479999999999999  0  
527  1.56  0.0128  -0.00014599999999999986  0  
528  1.6  0.0136  -0.00014400000000000003  0  
529  1.56  0.0128  -0.00014199999999999998  0  
530  1.6  0.0128  -0.00013999999999999993  0  
531  1.56  0.0132  -0.00013799999999999988  0  
532  1.6  0.0124  -0.00013599999999999984  0  
533  1.52  0.0128  -0.000134  0  
534  1.56  0.0128  -0.00013199999999999996  0  
535  1.52  0.012  -0.0001299999999999999  0  
536  1.52  0.0124  -0.00012799999999999986  0  
537  1.56  0.0116  -0.00012600000000000003  0  
538  1.56  0.0124  -0.00012399999999999998  0  
539  1.48  0.0116  -0.00012199999999999993  0  
540  1.52  0.012  -0.00011999999999999988  0  
541  1.48  0.0108  -0.00011800000000000005  0  
542  1.52  0.0116  -0.000116  0  
543  1.48  0.0108  -0.00011399999999999995  0  
544  1.52  0.0112  -0.0001119999999999999  0  
545  1.44  0.0104  -0.00010999999999999985  0  
546  1.48  0.0108  -0.00010800000000000002  0  
547  1.44  0.01  -0.00010599999999999997  0  
548  1.48  0.0108  -0.00010399999999999993  0  
549  1.4  0.01  -0.00010199999999999988  0  
550  1.44  0.0096  -0.00010000000000000005  0  
551  1.4  0.0104  -9.8e-05  0  
552  1.44  0.01  -9.599999999999995e-05  0  
553  1.36  0.0092  -9.39999999999999e-05  0  
554  1.36  0.0096  -9.199999999999985e-05  0  
555  1.4  0.0088  -9.000000000000002e-05  0  
556  1.4  0.0092  -8.799999999999997e-05  0  
557  1.32  0.008  -8.599999999999992e-05  0  
558  1.32  0.0088  -8.399999999999987e-05  0  
559  1.4  0.008  -8.200000000000004e-05  0  
560  1.36  0.0084  -7.999999999999999e-05  0  
561  1.28  0.0072  -7.799999999999994e-05  0  
562  1.32  0.008  -7.59999999999999e-05  0  
563  1.28  0.0068  -7.399999999999985e-05  0  
564  1.32  0.0076  -7.200000000000002e-05  0  
565  1.24  0.0068  -6.999999999999997e-05  0  
566  1.28  0.0072  -6.799999999999992e-05  0  
567  1.24  0.006  -6.599999999999987e-05  0  
568  1.28  0.0068  -6.400000000000004e-05  0  
569  1.2  0.0056  -6.199999999999999e-05  0  
570  1.2  0.006  -5.999999999999994e-05  0  
571  1.24  0.0052  -5.799999999999989e-05  0  
572  1.24  0.0056  -5.599999999999984e-05  0  
573  1.16  0.0048  -5.400000000000001e-05  0  
574  1.2  0.0052  -5.199999999999996e-05  0  
575  1.12  0.004  -4.9999999999999914e-05  0  
576  1.12  0.0048  -4.7999999999999866e-05  0  
577  1.16  0.004  -4.6000000000000034e-05  0  
578  1.16  0.004  -4.3999999999999985e-05  0  
579  1.08  0.0032  -4.199999999999994e-05  0  
580  1.12  0.004  -3.999999999999989e-05  0  
581  1.08  0.0028  -3.799999999999984e-05  0  
582  1.04  0.0032  -3.600000000000001e-05  0  
583  1.08  0.0024  -3.399999999999996e-05  0  
584  1.08  0.0028  -3.199999999999991e-05  0  
585  1.0  0.0016  -2.9999999999999862e-05  0  
586  1.0  0.002  -2.800000000000003e-05  0  
587  1.04  0.0012  -2.599999999999998e-05  0  
588  1.0  0.0016  -2.3999999999999933e-05  0  
589  0.96  0.0008  -2.1999999999999884e-05  0  
590  1.0  0.0008  -2.0000000000000052e-05  0  
591  0.92  0.0  -1.8000000000000004e-05  0  
592  0.92  0.0004  -1.5999999999999955e-05  0  
593  0.96  -0.0004  -1.3999999999999907e-05  0  
594  0.96  0.0  -1.1999999999999858e-05  0  
595  0.88  -0.0008  -1.0000000000000026e-05  0  
596  0.92  -0.0008  -7.999999999999978e-06  0  
597  0.84  -0.0016  -5.999999999999929e-06  0  
598  0.88  -0.0016  -3.99999999999988e-06  0  
599  0.8  -0.002  -2.0000000000000486e-06  0  
600  0.8  -0.002  0.0  0  
601  0.84  -0.0028  2.0000000000000486e-06  0  
602  0.76  -0.0024  4.000000000000097e-06  0  
603  0.84  -0.0032  6.000000000000146e-06  0  
604  0.84  -0.0032  7.999999999999978e-06  0  
605  0.72  -0.004  1.0000000000000026e-05  0  
606  0.76  -0.0036  1.2000000000000075e-05  0  
607  0.68  -0.0048  1.4000000000000123e-05  0  
608  0.64  -0.0044  1.5999999999999955e-05  0  
609  0.72  -0.0052  1.8000000000000004e-05  0  
610  0.68  -0.0048  2.0000000000000052e-05  0  
611  0.6  -0.006  2.20000000000001e-05  0  
612  0.64  -0.0056  2.400000000000015e-05  0  
613  0.56  -0.0064  2.599999999999998e-05  0  
614  0.6  -0.006  2.800000000000003e-05  0  
615  0.64  -0.0072  3.000000000000008e-05  0  
616  0.6  -0.0068  3.200000000000013e-05  0  
617  0.52  -0.0076  3.399999999999996e-05  0  
618  0.56  -0.0072  3.600000000000001e-05  0  
619  0.48  -0.0084  3.8000000000000056e-05  0  
620  0.56  -0.008  4.0000000000000105e-05  0  
621  0.44  -0.0088  4.2000000000000154e-05  0  
622  0.44  -0.0084  4.3999999999999985e-05  0  
623  0.52  -0.0096  4.6000000000000034e-05  0  
624  0.48  -0.0088  4.800000000000008e-05  0  
625  0.4  -0.01  5.000000000000013e-05  0  
626  0.44  -0.0096  5.199999999999996e-05  0  
627  0.36  -0.0104  5.400000000000001e-05  0  
628  0.36  -0.0104  5.600000000000006e-05  0  
629  0.44  -0.0112  5.800000000000011e-05  0  
630  0.32  -0.0104  5.999999999999994e-05  0  
631  0.4  -0.0116  6.199999999999999e-05  0  
632  0.36  -0.0112  6.400000000000004e-05  0  
633  0.28  -0.012  6.600000000000009e-05  0  
634  0.32  -0.0116  6.800000000000013e-05  0  
635  0.24  -0.0128  6.999999999999997e-05  0  
636  0.24  -0.0124  7.200000000000002e-05  0  
637  0.32  -0.0136  7.400000000000006e-05  0  
638  0.2  -0.0136  7.600000000000011e-05  0  
639  0.28  -0.0128  7.799999999999994e-05  0  
640  0.24  -0.0132  7.999999999999999e-05  0  
641  0.16  -0.0144  8.200000000000004e-05  0  
642  0.2  -0.014  8.400000000000009e-05  0  
643  0.12  -0.0148  8.600000000000014e-05  0  
644  0.2  -0.0144  8.799999999999997e-05  0  
645  0.08  -0.0152  9.000000000000002e-05  0  
646  0.08  -0.0156  9.200000000000007e-05  0  
647  0.16  -0.0148  9.400000000000012e-05  0  
648  0.12  -0.0156  9.599999999999995e-05  0  
649  0.04  -0.0164  9.8e-05  0  
650  0.08  -0.0156  0.00010000000000000005  0  
651  0.0  -0.0168  0.0001020000000000001  0  
652  0.0  -0.0164  0.00010400000000000014  0  
653  0.08  -0.0172  0.00010599999999999997  0  
654  0.04  -0.0168  0.00010800000000000002  0  
655  -0.04  -0.0176  0.00011000000000000007  0  
656  0.0  -0.0176  0.00011200000000000012  0  
657  -0.08  -0.0172  0.00011399999999999995  0  
658  -0.08  -0.0172  0.000116  0  
659  -0.04  -0.018  0.00011800000000000005  0  
660  -0.04  -0.018  0.0001200000000000001  0  
661  -0.12  -0.0184  0.00012200000000000015  0  
662  -0.12  -0.0184  0.00012399999999999998  0  
663  -0.16  -0.018  0.00012600000000000003  0  
664  -0.16  -0.0184  0.00012800000000000008  0  
665  -0.12  -0.0188  0.00013000000000000012  0  
666  -0.2  -0.0184  0.00013199999999999996  0  
667  -0.16  -0.0188  0.000134  0  
668  -0.2  -0.0184  0.00013600000000000005  0  
669  -0.24  -0.0184  0.0001380000000000001  0  
670  -0.24  -0.0184  0.00014000000000000015  0  
671  -0.2  -0.0184  0.00014199999999999998  0  
672  -0.24  -0.018  0.00014400000000000003  0  
673  -0.32  -0.0184  0.00014600000000000008  0  
674  -0.28  -0.018  0.00014800000000000013  0  
675  -0.36  -0.0172  0.00014999999999999996  0  
676  -0.28  -0.0176  0.000152  0  
677  -0.36  -0.0164  0.00015400000000000006  0  
678  -0.32  -0.0168  0.0001560000000000001  0  
679  -0.4  -0.016  0.00015799999999999994  0  
680  -0.32  -0.016  0.00015999999999999999  0  
681  -0.4  -0.0148  0.00016200000000000003  0  
682  -0.36  -0.0148  0.00016400000000000008  0  
683  -0.44  -0.0136  0.00016600000000000013  0  
684  -0.44  -0.014  0.00016799999999999996  0  
685  -0.36  -0.0128  0.00017  0  
686  -0.4  -0.0128  0.00017200000000000006  0  
687  -0.48  -0.0116  0.0001740000000000001  0  
688  -0.48  -0.012  0.00017599999999999994  0  
689  -0.44  -0.0108  0.000178  0  
690  -0.44  -0.0108  0.00018000000000000004  0  
691  -0.52  -0.0096  0.0001820000000000001  0  
692  -0.52  -0.01  0.00018400000000000014  0  
693  -0.48  -0.0092  0.00018599999999999997  0  
694  -0.48  -0.0092  0.00018800000000000002  0  
695  -0.56  -0.0084  0.00019000000000000006  0  
696  -0.52  -0.0088  0.0001920000000000001  0  
697  -0.56  -0.0076  0.00019399999999999995  0  
698  -0.52  -0.008  0.000196  0  
699  -0.6  -0.0072  0.00019800000000000004  0  
700  -0.56  -0.0076  0.0002000000000000001  0  
701  -0.6  -0.0064  0.00020200000000000014  0  
702  -0.56  -0.0072  0.00020399999999999997  0  
703  -0.64  -0.006  0.00020600000000000002  0  
704  -0.6  -0.0064  0.00020800000000000007  0  
705  -0.64  -0.0056  0.00021000000000000012  0  
706  -0.6  -0.006  0.00021199999999999995  0  
707  -0.64  -0.0052  0.000214  0  
708  -0.6  -0.0056  0.00021600000000000005  0  
709  -0.68  -0.0048  0.0002180000000000001  0  
710  -0.64  -0.0052  0.00022000000000000014  0  
711  -0.68  -0.0044  0.00022199999999999998  0  
712  -0.64  -0.0048  0.00022400000000000002  0  
713  -0.72  -0.004  0.00022600000000000007  0  
714  -0.64  -0.0048  0.00022800000000000012  0  
715  -0.72  -0.0036  0.00022999999999999995  0  
716  -0.68  -0.0036  0.000232  0  
717  -0.72  -0.0044  0.00023400000000000005  0  
718  -0.68  -0.004  0.0002360000000000001  0  
719  -0.72  -0.0032  0.00023800000000000015  0  
720  -0.68  -0.0028  0.00023999999999999998  0  
721  -0.76  -0.0036  0.00024200000000000003  0  
722  -0.72  -0.0028  0.00024400000000000008  0  
723  -0.76  -0.0032  0.0002460000000000001  0  
724  -0.76  -0.0028  0.00024799999999999996  0  
725  -0.72  -0.0024  0.00025  0  
726  -0.76  -0.0024  0.00025200000000000005  0  
727  -0.72  -0.0028  0.0002540000000000001  0  
728  -0.8  -0.0028  0.00025599999999999993  0  
729  -0.72  -0.002  0.000258  0  
730  -0.8  -0.002  0.00026000000000000003  0  
731  -0.72  -0.0028  0.0002620000000000001  0  
732  -0.8  -0.002  0.00026400000000000013  0  
733  -0.76  -0.0016  0.00026599999999999996  0  
734  -0.8  -0.0016  0.000268  0  
735  -0.76  -0.0024  0.00027000000000000006  0  
736  -0.8  -0.0016  0.0002720000000000001  0  
737  -0.76  -0.0024  0.00027399999999999994  0  
738  -0.8  -0.002  0.000276  0  
739  -0.76  -0.0012  0.00027800000000000004  0  
740  -0.76  -0.0016  0.0002800000000000001  0  
741  -0.8  -0.0012  0.00028200000000000013  0  
742  -0.76  -0.0012  0.00028399999999999996  0  
743  -0.84  -0.002  0.000286  0  
744  -0.84  -0.0012  0.00028800000000000006  0  
745  -0.76  -0.0016  0.0002900000000000001  0  
746  -0.76  -0.0012  0.00029199999999999994  0  
747  -0.84  -0.002  0.000294  0  
748  -0.84  -0.0012  0.00029600000000000004  0  
749  -0.76  -0.0016  0.0002980000000000001  0  
750  -0.76  -0.0012  0.00030000000000000014  0  
751  -0.84  -0.002  0.00030199999999999997  0  
752  -0.84  -0.0012  0.000304  0  
753  -0.76  -0.0016  0.00030600000000000007  0  
754  -0.76  -0.0012  0.0003080000000000001  0  
755  -0.84  -0.002  0.00030999999999999995  0  
756  -0.76  -0.0012  0.000312  0  
757  -0.8  -0.0016  0.00031400000000000004  0  
758  -0.8  -0.0016  0.0003160000000000001  0  
759  -0.76  -0.0012  0.00031800000000000014  0  
760  -0.8  -0.0016  0.00031999999999999997  0  
761  -0.76  -0.0024  0.000322  0  
762  -0.8  -0.0016  0.00032400000000000007  0  
763  -0.76  -0.002  0.0003260000000000001  0  
764  -0.8  -0.0016  0.00032799999999999995  0  
765  -0.76  -0.0024  0.00033  0  
766  -0.76  -0.0024  0.00033200000000000005  0  
767  -0.8  -0.002  0.0003340000000000001  0  
768  -0.8  -0.002  0.00033600000000000014  0  
769  -0.72  -0.0028  0.000338  0  
770  -0.8  -0.002  0.00034  0  
771  -0.72  -0.0024  0.0003420000000000001  0  
772  -0.76  -0.0024  0.0003440000000000001  0  
773  -0.72  -0.0032  0.00034599999999999995  0  
774  -0.72  -0.0024  0.000348  0  
775  -0.76  -0.0032  0.00035000000000000005  0  
776  -0.72  -0.0028  0.0003520000000000001  0  
777  -0.76  -0.0032  0.00035399999999999993  0  
778  -0.76  -0.0028  0.000356  0  
779  -0.68  -0.0036  0.00035800000000000003  0  
780  -0.68  -0.0032  0.0003600000000000001  0  
781  -0.72  -0.0036  0.0003620000000000001  0  
782  -0.72  -0.0032  0.00036399999999999996  0  
783  -0.68  -0.004  0.000366  0  
784  -0.72  -0.0036  0.00036800000000000005  0  
785  -0.64  -0.0044  0.0003700000000000001  0  
786  -0.68  -0.004  0.00037199999999999993  0  
787  -0.64  -0.0044  0.000374  0  
788  -0.68  -0.004  0.00037600000000000003  0  
789  -0.64  -0.0048  0.0003780000000000001  0  
790  -0.68  -0.0052  0.00038000000000000013  0  
791  -0.6  -0.0044  0.00038199999999999996  0  
792  -0.6  -0.0048  0.000384  0  
793  -0.64  -0.0056  0.00038600000000000006  0  
794  -0.64  -0.0048  0.0003880000000000001  0  
795  -0.56  -0.006  0.00038999999999999994  0  
796  -0.56  -0.0052  0.000392  0  
797  -0.64  -0.006  0.00039400000000000004  0  
798  -0.6  -0.0056  0.0003960000000000001  0  
799  -0.52  -0.0064  0.00039800000000000013  0  
800  -0.6  -0.006  0.00039999999999999996  0  
801  -0.52  -0.0068  0.000402  0  
802  -0.56  -0.0064  0.00040400000000000006  0  
803  -0.48  -0.0072  0.0004060000000000001  0  
804  -0.56  -0.0064  0.00040799999999999994  0  
805  -0.48  -0.0072  0.00041  0  
806  -0.52  -0.0068  0.00041200000000000004  0  
807  -0.44  -0.0076  0.0004140000000000001  0  
808  -0.52  -0.008  0.00041600000000000014  0  
809  -0.44  -0.0072  0.00041799999999999997  0  
810  -0.48  -0.0076  0.00042  0  
811  -0.4  -0.0088  0.00042200000000000007  0  
812  -0.4  -0.0084  0.0004240000000000001  0  
813  -0.48  -0.0092  0.00042599999999999995  0  
814  -0.44  -0.0084  0.000428  0  
815  -0.36  -0.0096  0.00043000000000000004  0  
816  -0.44  -0.0088  0.0004320000000000001  0  
817  -0.36  -0.01  0.0004339999999999999  0  
818  -0.4  -0.0092  0.00043599999999999997  0  
819  -0.32  -0.0104  0.000438  0  
820  -0.36  -0.01  0.00044000000000000007  0  
821  -0.32  -0.0108  0.0004420000000000001  0  
822  -0.36  -0.0104  0.00044399999999999995  0  
823  -0.28  -0.0112  0.000446  0  
824  -0.28  -0.0108  0.00044800000000000005  0  
825  -0.24  -0.0116  0.0004500000000000001  0  
826  -0.28  -0.0112  0.00045199999999999993  0  
827  -0.24  -0.012  0.000454  0  
828  -0.24  -0.0116  0.000456  0  
829  -0.2  -0.0124  0.0004580000000000001  0  
830  -0.24  -0.012  0.0004600000000000001  0  
831  -0.2  -0.0128  0.00046199999999999995  0  
832  -0.2  -0.0124  0.000464  0  
833  -0.12  -0.0132  0.00046600000000000005  0  
834  -0.16  -0.0128  0.0004680000000000001  0  
835  -0.08  -0.014  0.00046999999999999993  0  
836  -0.08  -0.0136  0.000472  0  
837  -0.16  -0.0144  0.00047400000000000003  0  
838  -0.12  -0.0148  0.0004760000000000001  0  
839  -0.08  -0.014  0.0004780000000000001  0  
840  -0.08  -0.0144  0.00047999999999999996  0  
841  -0.04  -0.0152  0.000482  0  
842  -0.08  -0.0148  0.00048400000000000006  0  
843  0.0  -0.0156  0.0004860000000000001  0  
844  -0.04  -0.0152  0.00048799999999999994  0  
845  0.04  -0.016  0.00049  0  
846  0.0  -0.0156  0.000492  0  
847  0.08  -0.0164  0.0004940000000000001  0  
848  0.0  -0.0168  0.0004960000000000001  0  
849  0.08  -0.016  0.000498  0  
850  0.04  -0.0168  0.0005  0  
851  0.12  -0.0164  0.0005020000000000001  0  
852  0.08  -0.0172  0.0005040000000000001  0  
853  0.16  -0.0168  0.0005059999999999999  0  
854  0.12  -0.0176  0.000508  0  
855  0.2  -0.0168  0.00051  0  
856  0.12  -0.0176  0.0005120000000000001  0  
857  0.2  -0.0172  0.0005140000000000001  0  
858  0.16  -0.0176  0.000516  0  
859  0.24  -0.0176  0.000518  0  
860  0.2  -0.0176  0.0005200000000000001  0  
861  0.28  -0.0168  0.0005220000000000001  0  
862  0.24  -0.0176  0.0005239999999999999  0  
863  0.32  -0.0168  0.000526  0  
864  0.24  -0.0172  0.000528  0  
865  0.32  -0.016  0.0005300000000000001  0  
866  0.28  -0.0168  0.0005319999999999999  0  
867  0.36  -0.016  0.000534  0  
868  0.32  -0.016  0.000536  0  
869  0.4  -0.0152  0.0005380000000000001  0  
870  0.36  -0.0156  0.0005400000000000001  0  
871  0.44  -0.014  0.000542  0  
872  0.36  -0.0144  0.000544  0  
873  0.44  -0.0128  0.000546  0  
874  0.4  -0.0132  0.0005480000000000001  0  
875  0.48  -0.012  0.0005499999999999999  0  
876  0.44  -0.012  0.000552  0  
877  0.52  -0.0104  0.000554  0  
878  0.48  -0.0108  0.0005560000000000001  0  
879  0.56  -0.0092  0.0005580000000000001  0  
880  0.56  -0.01  0.00056  0  
881  0.48  -0.0084  0.000562  0  
882  0.52  -0.0088  0.000564  0  
883  0.6  -0.0076  0.0005660000000000001  0  
884  0.56  -0.008  0.0005679999999999999  0  
885  0.64  -0.0064  0.00057  0  
886  0.6  -0.0068  0.000572  0  
887  0.68  -0.0056  0.0005740000000000001  0  
888  0.6  -0.0064  0.0005760000000000001  0  
889  0.68  -0.0048  0.000578  0  
890  0.72  -0.0052  0.00058  0  
891  0.64  -0.0044  0.000582  0  
892  0.68  -0.0048  0.0005840000000000001  0  
893  0.76  -0.0036  0.0005859999999999999  0  
894  0.72  -0.004  0.000588  0  
895  0.8  -0.0032  0.00059  0  
896  0.76  -0.0032  0.0005920000000000001  0  
897  0.84  -0.0024  0.0005940000000000001  0  
898  0.8  -0.0028  0.000596  0  
899  0.88  -0.0016  0.000598  0  
900  0.84  -0.0016  0.0006000000000000001  0  
901  0.88  -0.0008  0.0006020000000000001  0  
902  0.84  -0.0012  0.0006039999999999999  0  
903  0.92  -0.0004  0.000606  0  
904  0.88  -0.0004  0.000608  0  
905  0.96  0.0004  0.0006100000000000001  0  
906  0.92  0.0  0.0006120000000000001  0  
907  0.96  0.0012  0.000614  0  
908  0.92  0.0008  0.000616  0  
909  1.0  0.0012  0.0006180000000000001  0  
910  0.96  0.0012  0.0006200000000000001  0  
911  1.0  0.0024  0.0006219999999999999  0  
912  1.0  0.002  0.000624  0  
913  1.04  0.0028  0.000626  0  
914  1.0  0.0024  0.0006280000000000001  0  
915  1.08  0.0036  0.0006299999999999999  0  
916  1.04  0.0028  0.000632  0  
917  1.12  0.004  0.000634  0  
918  1.12  0.0036  0.0006360000000000001  0  
919  1.08  0.0044  0.0006380000000000001  0  
920  1.08  0.004  0.0006399999999999999  0  
921  1.16  0.0048  0.000642  0  
922  1.12  0.0044  0.000644  0  
923  1.2  0.0052  0.0006460000000000001  0  
924  1.2  0.0048  0.0006479999999999999  0  
925  1.16  0.006  0.00065  0  
926  1.16  0.0052  0.000652  0  
927  1.24  0.0064  0.0006540000000000001  0  
928  1.24  0.006  0.0006560000000000001  0  
929  1.2  0.0068  0.000658  0  
930  1.2  0.0064  0.00066  0  
931  1.28  0.0072  0.000662  0  
932  1.28  0.0064  0.0006640000000000001  0  
933  1.24  0.0076  0.0006659999999999999  0  
934  1.32  0.0072  0.000668  0  
935  1.24  0.008  0.00067  0  
936  1.28  0.0076  0.0006720000000000001  0  
937  1.36  0.0084  0.0006740000000000001  0  
938  1.36  0.008  0.000676  0  
939  1.32  0.0088  0.000678  0  
940  1.32  0.0084  0.00068  0  
941  1.4  0.0092  0.0006820000000000001  0  
942  1.32  0.0088  0.0006839999999999999  0  
943  1.4  0.0096  0.000686  0  
944  1.36  0.0088  0.000688  0  
945  1.44  0.01  0.0006900000000000001  0  
946  1.36  0.0092  0.0006920000000000001  0  
947  1.44  0.0104  0.000694  0  
948  1.44  0.0096  0.000696  0  
949  1.4  0.0108  0.000698  0  
950  1.4  0.01  0.0007000000000000001  0  
951  1.48  0.0112  0.0007019999999999999  0  
952  1.44  0.0104  0.000704  0  
953  1.48  0.0112  0.000706  0  
954  1.44  0.0108  0.0007080000000000001  0  
955  1.52  0.0116  0.0007099999999999999  0  
956  1.52  0.0112  0.000712  0  
957  1.48  0.0116  0.000714  0  
958  1.48  0.0112  0.0007160000000000001  0  
959  1.56  0.0124  0.0007180000000000001  0  
960  1.48  0.0116  0.0007199999999999999  0  
961  1.56  0.0124  0.000722  0  
962  1.56  0.012  0.000724  0  
963  1.52  0.0128  0.0007260000000000001  0  
964  1.56  0.0128  0.0007279999999999999  0  
965  1.52  0.012  0.00073  0  
966  1.52  0.0128  0.000732  0  
967  1.6  0.0124  0.0007340000000000001  0  
968  1.6  0.0132  0.0007360000000000001  0  
969  1.56  0.0124  0.0007379999999999999  0  
970  1.6  0.0132  0.00074  0  
971  1.56  0.0124  0.000742  0  
972  1.56  0.0128  0.0007440000000000001  0  
973  1.64  0.0136  0.0007459999999999999  0  
974  1.6  0.0136  0.000748  0  
975  1.64  0.0132  0.00075  0  
976  1.6  0.014  0.0007520000000000001  0  
977  1.64  0.0132  0.0007540000000000001  0  
978  1.64  0.014  0.0007559999999999999  0  
979  1.64  0.0132  0.0007580000000000002  0  
980  1.64  0.014  0.00076  0  
981  1.6  0.0136  0.0007619999999999999  0  
982  1.64  0.014  0.0007640000000000001  0  
983  1.64  0.0136  0.000766  0  
984  1.68  0.014  0.0007679999999999998  0  
985  1.6  0.0144  0.0007700000000000001  0  
986  1.68  0.0144  0.0007719999999999999  0  
987  1.64  0.014  0.0007740000000000002  0  
988  1.68  0.0144  0.000776  0  
989  1.64  0.0136  0.0007779999999999998  0  
990  1.68  0.0144  0.0007800000000000001  0  
991  1.68  0.014  0.0007819999999999999  0  
992  1.68  0.0144  0.0007840000000000002  0  
993  1.64  0.0136  0.000786  0  
994  1.68  0.0144  0.0007879999999999999  0  
995  1.64  0.014  0.0007900000000000001  0  
996  1.68  0.014  0.000792  0  
997  1.64  0.0148  0.0007940000000000002  0  
998  1.72  0.0144  0.000796  0  
999  1.64  0.014  0.0007979999999999999  0  
1000  1.72  0.0144  0.0008000000000000001  0  
1001  1.64  0.014  0.000802  0  
1002  1.64  0.0144  0.0008039999999999998  0  
1003  1.72  0.0136  0.0008060000000000001  0  
1004  1.72  0.0144  0.0008079999999999999  0  
1005  1.64  0.014  0.0008100000000000002  0  
1006  1.68  0.0144  0.000812  0  
1007  1.72  0.0136  0.0008139999999999998  0  
1008  1.64  0.0144  0.0008160000000000001  0  
1009  1.72  0.014  0.0008179999999999999  0  
1010  1.68  0.0144  0.0008200000000000002  0  
1011  1.72  0.0136  0.000822  0  
1012  1.68  0.014  0.0008239999999999999  0  
1013  1.64  0.0136  0.0008260000000000001  0  
1014  1.64  0.014  0.000828  0  
1015  1.68  0.0132  0.0008300000000000002  0  
1016  1.68  0.014  0.0008320000000000001  0  
1017  1.6  0.0132  0.0008339999999999999  0  
1018  1.68  0.0136  0.0008360000000000002  0  
1019  1.6  0.0128  0.000838  0  
1020  1.68  0.0128  0.0008399999999999998  0  
1021  1.6  0.0136  0.0008420000000000001  0  
1022  1.68  0.0128  0.0008439999999999999  0  
1023  1.6  0.0136  0.0008460000000000002  0  
1024  1.64  0.0132  0.000848  0  
1025  1.56  0.0128  0.0008499999999999998  0  
1026  1.64  0.0128  0.0008520000000000001  0  
1027  1.56  0.012  0.0008539999999999999  0  
1028  1.64  0.0128  0.0008560000000000002  0  
1029  1.56  0.012  0.000858  0  
1030  1.64  0.0124  0.0008599999999999999  0  
1031  1.56  0.012  0.0008620000000000001  0  
1032  1.6  0.0124  0.000864  0  
1033  1.52  0.0116  0.0008659999999999998  0  
1034  1.6  0.012  0.0008680000000000001  0  
1035  1.52  0.0112  0.0008699999999999999  0  
1036  1.6  0.012  0.0008720000000000002  0  
1037  1.52  0.0108  0.000874  0  
1038  1.56  0.0116  0.0008759999999999998  0  
1039  1.48  0.0108  0.0008780000000000001  0  
1040  1.56  0.0112  0.0008799999999999999  0  
1041  1.48  0.0104  0.0008820000000000002  0  
1042  1.56  0.0108  0.000884  0  
1043  1.48  0.01  0.0008859999999999999  0  
1044  1.52  0.0108  0.0008880000000000001  0  
1045  1.44  0.01  0.00089  0  
1046  1.52  0.0104  0.0008920000000000002  0  
1047  1.44  0.0096  0.000894  0  
1048  1.48  0.01  0.0008959999999999999  0  
1049  1.4  0.0092  0.0008980000000000001  0  
1050  1.4  0.0096  0.0009  0  
1051  1.48  0.0088  0.0009019999999999998  0  
1052  1.44  0.0092  0.0009040000000000001  0  
1053  1.36  0.0084  0.0009059999999999999  0  
1054  1.36  0.0088  0.0009080000000000002  0  
1055  1.44  0.008  0.00091  0  
1056  1.4  0.0084  0.0009119999999999998  0  
1057  1.32  0.0076  0.0009140000000000001  0  
1058  1.4  0.008  0.0009159999999999999  0  
1059  1.32  0.0072  0.0009180000000000002  0  
1060  1.36  0.0076  0.00092  0  
1061  1.28  0.0068  0.0009219999999999999  0  
1062  1.28  0.0072  0.0009240000000000001  0  
1063  1.36  0.0064  0.000926  0  
1064  1.32  0.0068  0.0009280000000000002  0  
1065  1.24  0.006  0.00093  0  
1066  1.24  0.0064  0.0009319999999999999  0  
1067  1.32  0.0056  0.0009340000000000002  0  
1068  1.28  0.006  0.000936  0  
1069  1.2  0.0048  0.0009379999999999998  0  
1070  1.2  0.0056  0.0009400000000000001  0  
1071  1.24  0.0044  0.0009419999999999999  0  
1072  1.24  0.0052  0.0009440000000000002  0  
1073  1.16  0.004  0.000946  0  
1074  1.2  0.0044  0.0009479999999999998  0  
1075  1.12  0.0036  0.0009500000000000001  0  
1076  1.2  0.004  0.0009519999999999999  0  
1077  1.12  0.0032  0.0009540000000000002  0  
1078  1.16  0.0036  0.000956  0  
1079  1.08  0.0024  0.0009579999999999999  0  
1080  1.12  0.0028  0.0009600000000000001  0  
1081  1.04  0.002  0.000962  0  
1082  1.04  0.0024  0.0009639999999999998  0  
1083  1.12  0.0016  0.0009660000000000001  0  
1084  1.08  0.002  0.0009679999999999999  0  
1085  1.0  0.0008  0.0009700000000000002  0  
1086  1.04  0.0012  0.000972  0  
1087  0.96  0.0004  0.0009739999999999998  0  
1088  0.96  0.0008  0.0009760000000000001  0  
1089  1.04  0.0  0.000978  0  
1090  1.0  0.0004  0.0009800000000000002  0  
1091  0.92  -0.0008  0.000982  0  
1092  1.0  -0.0004  0.0009839999999999998  0  
1093  0.88  -0.0012  0.0009860000000000001  0  
1094  0.88  -0.0008  0.000988  0  
1095  0.96  -0.0016  0.0009900000000000002  0  
1096  0.92  -0.0016  0.000992  0  
1097  0.84  -0.0028  0.0009939999999999999  0  
1098  0.88  -0.0024  0.0009960000000000001  0  
1099  0.8  -0.0032  0.000998  0  
1100  0.8  -0.0028  0.0009999999999999998  0  
1101  0.84  -0.0036  0.001002  0  
1102  0.8  -0.0036  0.001004  0  
1103  0.76  -0.0044  0.0010060000000000002  0  
1104  0.76  -0.004  0.001008  0  
1105  0.72  -0.0048  0.0010099999999999998  0  
1106  0.72  -0.0044  0.001012  0  
1107  0.68  -0.0056  0.001014  0  
1108  0.64  -0.0052  0.0010160000000000002  0  
1109  0.72  -0.006  0.001018  0  
1110  0.68  -0.0056  0.0010199999999999999  0  
1111  0.6  -0.0068  0.0010220000000000001  0  
1112  0.64  -0.0064  0.001024  0  
1113  0.6  -0.0072  0.0010260000000000002  0  
1114  0.6  -0.0068  0.001028  0  
1115  0.56  -0.008  0.0010299999999999999  0  
1116  0.6  -0.0072  0.0010320000000000001  0  
1117  0.52  -0.01  0.001034  0  
1118  0.56  -0.008  0.0010359999999999998  0  
1119  0.48  -0.0088  0.001038  0  
1120  0.52  -0.0084  0.00104  0  
1121  0.44  -0.0096  0.0010420000000000002  0  
1122  0.44  -0.0092  0.001044  0  
1123  0.48  -0.0104  0.0010459999999999998  0  
1124  0.48  -0.0096  0.001048  0  
1125  0.4  -0.0108  0.00105  0  
1126  0.44  -0.0104  0.0010520000000000002  0  
1127  0.36  -0.0116  0.001054  0  
1128  0.4  -0.0112  0.0010559999999999999  0  
1129  0.32  -0.0116  0.0010580000000000001  0  
1130  0.36  -0.0116  0.00106  0  
1131  0.32  -0.0124  0.0010619999999999998  0  
1132  0.36  -0.012  0.001064  0  
1133  0.28  -0.0132  0.0010659999999999999  0  
1134  0.32  -0.0124  0.0010680000000000002  0  
1135  0.24  -0.0136  0.00107  0  
1136  0.28  -0.0132  0.0010719999999999998  0  
1137  0.2  -0.014  0.001074  0  
1138  0.2  -0.0144  0.001076  0  
1139  0.24  -0.0136  0.0010780000000000002  0  
1140  0.24  -0.0144  0.00108  0  
1141  0.16  -0.0152  0.0010819999999999998  0  
1142  0.2  -0.0152  0.0010840000000000001  0  
1143  0.12  -0.0156  0.001086  0  
1144  0.12  -0.0152  0.0010880000000000002  0  
1145  0.16  -0.016  0.00109  0  
1146  0.16  -0.0156  0.0010919999999999999  0  
1147  0.08  -0.0168  0.0010940000000000001  0  
1148  0.12  -0.016  0.001096  0  
1149  0.04  -0.0172  0.0010979999999999998  0  
1150  0.08  -0.0164  0.0011  0  
1151  0.0  -0.0176  0.001102  0  
1152  0.0  -0.0168  0.0011040000000000002  0  
1153  0.0  -0.018  0.001106  0  
1154  0.04  -0.018  0.0011079999999999998  0  
1155  -0.04  -0.0176  0.00111  0  
1156  0.0  -0.018  0.001112  0  
1157  -0.08  -0.0188  0.0011140000000000002  0  
1158  -0.08  -0.0184  0.001116  0  
1159  -0.04  -0.0188  0.0011179999999999999  0  
1160  -0.12  -0.0188  0.0011200000000000001  0  
1161  -0.04  -0.0192  0.001122  0  
1162  -0.08  -0.0188  0.0011240000000000002  0  
1163  -0.16  -0.0196  0.001126  0  
1164  -0.16  -0.0192  0.0011279999999999999  0  
1165  -0.16  -0.0196  0.0011300000000000001  0  
1166  -0.16  -0.0192  0.001132  0  
1167  -0.24  -0.0196  0.0011339999999999998  0  
1168  -0.2  -0.0196  0.001136  0  
1169  -0.24  -0.0188  0.001138  0  
1170  -0.24  -0.0196  0.0011400000000000002  0  
1171  -0.28  -0.0188  0.001142  0  
1172  -0.24  -0.0196  0.0011439999999999998  0  
1173  -0.32  -0.0184  0.001146  0  
1174  -0.28  -0.0188  0.001148  0  
1175  -0.36  -0.0184  0.0011500000000000002  0  
1176  -0.32  -0.0184  0.001152  0  
1177  -0.36  -0.0172  0.0011539999999999999  0  
1178  -0.32  -0.0176  0.0011560000000000001  0  
1179  -0.4  -0.0164  0.001158  0  
1180  -0.36  -0.0164  0.0011599999999999998  0  
1181  -0.4  -0.0156  0.001162  0  
1182  -0.36  -0.0156  0.0011639999999999999  0  
1183  -0.44  -0.014  0.0011660000000000002  0  
1184  -0.44  -0.0148  0.001168  0  
1185  -0.4  -0.0136  0.0011699999999999998  0  
1186  -0.48  -0.0136  0.001172  0  
1187  -0.4  -0.012  0.001174  0  
1188  -0.44  -0.0128  0.0011760000000000002  0  
1189  -0.48  -0.0112  0.001178  0  
1190  -0.52  -0.012  0.0011799999999999998  0  
1191  -0.44  -0.0104  0.001182  0  
1192  -0.48  -0.0108  0.001184  0  
1193  -0.52  -0.0096  0.0011860000000000002  0  
1194  -0.48  -0.01  0.001188  0  
1195  -0.56  -0.0088  0.0011899999999999999  0  
1196  -0.56  -0.0096  0.0011920000000000001  0  
1197  -0.52  -0.0084  0.001194  0  
1198  -0.52  -0.0088  0.0011959999999999998  0  
1199  -0.6  -0.008  0.001198  0  
